,#time,susceptible,exposed,infectious,recovered,dead,immune,num infections today,num hospitalisations today,num hospitalisations today (data),hospital bed occupancy,cum dead,cum num hospitalisations today,cum infectious,cum num infections today
0,1,97675,146,971,982,2,0,142,4,0.0,9,2,4,971,142
1,2,97563,116,1001,1094,2,0,112,4,0.0,13,4,8,1972,254
2,3,97433,134,1008,1199,2,0,131,5,0.0,17,6,13,2980,385
3,4,97323,114,1037,1300,2,0,110,6,0.0,21,8,19,4017,495
4,5,97194,134,1032,1414,2,0,130,2,0.0,23,10,21,5049,625
5,6,97067,133,1036,1538,2,0,129,2,0.0,23,12,23,6085,754
6,7,96911,163,1049,1651,2,0,158,1,0.0,23,14,24,7134,912
7,8,96789,131,1089,1765,2,0,124,2,0.0,22,16,26,8223,1036
8,9,96644,153,1089,1886,4,0,145,0,0.0,18,20,26,9312,1181
9,10,96523,129,1109,2011,4,0,122,2,0.0,17,24,28,10421,1303
10,11,96371,160,1132,2109,4,0,152,3,0.0,18,28,31,11553,1455
11,12,96247,132,1151,2241,5,0,125,1,0.0,13,33,32,12704,1580
12,13,96115,139,1155,2362,5,0,132,1,0.0,12,38,33,13859,1712
13,14,95982,141,1177,2471,5,0,135,2,0.0,14,43,35,15036,1847
14,15,95851,139,1155,2626,5,0,132,1,0.0,14,48,36,16191,1979
15,16,95728,131,1149,2763,5,0,124,7,0.0,20,53,43,17340,2103
16,17,95598,137,1147,2887,7,0,130,3,0.0,21,60,46,18487,2233
17,18,95455,149,1152,3013,7,0,143,4,0.0,22,67,50,19639,2376
18,19,95322,140,1147,3160,7,0,134,2,0.0,22,74,52,20786,2510
19,20,95193,137,1147,3292,7,0,130,1,0.0,21,81,53,21933,2640
20,21,95080,122,1122,3445,7,0,116,2,0.0,23,88,55,23055,2756
21,22,94953,134,1114,3568,7,0,127,3,0.0,23,95,58,24169,2883
22,23,94825,137,1109,3696,9,0,131,4,0.0,24,104,62,25278,3014
23,24,94631,203,1109,3823,10,0,195,1,0.0,22,114,63,26387,3209
24,25,94413,227,1188,3937,11,0,219,3,0.0,23,125,66,27575,3428
25,26,94192,230,1248,4095,11,0,221,3,0.0,20,136,69,28823,3649
26,27,93983,219,1339,4223,12,0,211,0,0.0,19,148,69,30162,3860
27,28,93801,192,1423,4348,12,0,184,5,0.0,20,160,74,31585,4044
28,29,93599,210,1488,4466,13,0,202,1,0.0,19,173,75,33073,4246
29,30,93404,204,1530,4625,13,0,196,3,0.0,20,186,78,34603,4442
30,31,93208,203,1567,4785,13,0,196,3,0.0,21,199,81,36170,4638
31,32,93033,181,1621,4928,13,0,175,2,0.0,19,212,83,37791,4813
32,33,92863,178,1630,5091,14,0,172,7,0.0,20,226,90,39421,4985
33,34,92672,201,1648,5241,14,0,193,2,0.0,17,240,92,41069,5178
34,35,92496,185,1654,5427,14,0,176,2,0.0,19,254,94,42723,5354
35,36,92325,181,1655,5600,15,0,174,4,0.0,21,269,98,44378,5528
36,37,92165,169,1613,5814,15,0,161,1,0.0,22,284,99,45991,5689
37,38,92020,152,1577,6012,15,0,145,6,0.0,28,299,105,47568,5834
38,39,91855,176,1519,6211,15,0,169,3,0.0,28,314,108,49087,6003
39,40,91701,168,1497,6395,15,0,157,3,0.0,27,329,111,50584,6160
40,41,91544,175,1479,6563,15,0,163,3,0.0,29,344,114,52063,6323
41,42,91383,180,1448,6749,16,0,164,7,0.0,31,360,121,53511,6487
42,43,91239,162,1441,6917,17,0,145,5,0.0,34,377,126,54952,6632
43,44,91084,173,1431,7069,19,0,158,5,0.0,35,396,131,56383,6790
44,45,90945,158,1413,7241,19,0,143,7,0.0,39,415,138,57796,6933
45,46,90818,148,1386,7405,19,0,129,2,0.0,39,434,140,59182,7062
46,47,90675,164,1340,7577,20,0,145,7,0.0,42,454,147,60522,7207
47,48,90558,138,1334,7725,21,0,119,4,0.0,40,475,151,61856,7326
48,49,90435,140,1311,7866,24,0,123,4,0.0,40,499,155,63167,7449
49,50,90317,135,1265,8034,25,0,120,3,0.0,37,524,158,64432,7569
50,51,90183,147,1224,8196,26,0,134,0,0.0,33,550,158,65656,7703
51,52,90059,138,1202,8349,28,0,126,8,0.0,35,578,166,66858,7829
52,53,89943,129,1189,8486,29,0,119,2,0.0,31,607,168,68047,7948
53,54,89816,142,1145,8643,30,0,130,4,0.0,29,637,172,69192,8078
54,55,89694,141,1119,8791,31,0,126,3,0.0,30,668,175,70311,8204
55,56,89595,114,1103,8931,33,0,100,10,0.0,35,701,185,71414,8304
56,57,89497,115,1086,9044,34,0,100,6,0.0,39,735,191,72500,8404
57,58,89362,151,1050,9178,35,0,137,3,0.0,39,770,194,73550,8541
58,59,89241,139,1058,9303,35,0,124,4,0.0,40,805,198,74608,8665
59,60,89136,123,1060,9422,35,0,107,0,0.0,38,840,198,75668,8772
60,61,89029,125,1035,9550,37,0,109,1,0.0,30,877,199,76703,8881
61,62,88932,116,1015,9673,40,0,99,3,0.0,26,917,202,77718,8980
62,63,88825,125,986,9798,42,0,107,1,0.0,23,959,203,78704,9087
63,64,88731,110,996,9897,42,0,94,2,0.0,20,1001,205,79700,9181
64,65,88637,111,963,10019,46,0,99,4,0.0,18,1047,209,80663,9280
65,66,88548,104,945,10133,46,0,90,1,0.0,15,1093,210,81608,9370
66,67,88450,111,919,10250,46,0,100,0,0.0,14,1139,210,82527,9470
67,68,88362,102,892,10374,46,0,90,2,0.0,13,1185,212,83419,9560
68,69,88261,116,880,10473,46,0,103,7,0.0,20,1231,219,84299,9663
69,70,88171,103,859,10597,46,0,90,4,0.0,22,1277,223,85158,9753
70,71,88075,109,836,10710,46,0,96,2,0.0,21,1323,225,85994,9849
71,72,88007,82,846,10795,46,0,70,3,0.0,24,1369,228,86840,9919
72,73,87922,100,821,10887,46,0,87,5,0.0,28,1415,233,87661,10006
73,74,87836,99,823,10972,46,0,87,3,0.0,30,1461,236,88484,10093
74,75,87750,97,811,11070,48,0,88,0,0.0,25,1509,236,89295,10181
75,76,87670,93,793,11171,49,0,82,2,0.0,23,1558,238,90088,10263
76,77,87587,94,791,11255,49,0,83,2,0.0,24,1607,240,90879,10346
77,78,87493,110,777,11346,50,0,99,2,0.0,22,1657,242,91656,10445
78,79,87393,116,768,11448,51,0,101,2,0.0,21,1708,244,92424,10546
79,80,87312,99,785,11529,51,0,84,6,0.0,26,1759,250,93209,10630
80,81,87224,105,776,11618,53,0,89,3,0.0,26,1812,253,93985,10719
81,82,87147,94,779,11703,53,0,79,3,0.0,26,1865,256,94764,10798
82,83,87053,111,768,11790,54,0,95,2,0.0,23,1919,258,95532,10893
83,84,86955,110,778,11879,54,0,98,2,0.0,24,1973,260,96310,10991
84,85,86872,96,783,11969,56,0,86,0,0.0,19,2029,260,97093,11077
85,86,86761,121,799,12038,57,0,112,3,0.0,21,2086,263,97892,11189
86,87,86663,107,808,12141,57,0,100,1,0.0,20,2143,264,98700,11289
87,88,86564,109,809,12236,58,0,102,4,0.0,20,2201,268,99509,11391
88,89,86466,111,812,12329,58,0,101,4,0.0,21,2259,272,100321,11492
89,90,86377,103,818,12419,59,0,91,1,0.0,19,2318,273,101139,11583
90,91,86298,95,825,12498,60,0,82,3,0.0,19,2378,276,101964,11665
91,92,86224,90,824,12577,61,0,75,1,0.0,18,2439,277,102788,11740
92,93,86131,113,811,12660,61,0,97,2,0.0,19,2500,279,103599,11837
93,94,86044,108,801,12761,62,0,90,3,0.0,19,2562,282,104400,11927
94,95,85959,107,797,12849,64,0,88,0,0.0,16,2626,282,105197,12015
95,96,85878,101,785,12948,64,0,81,0,0.0,12,2690,282,105982,12096
96,97,85795,100,764,13053,64,0,83,1,0.0,11,2754,283,106746,12179
97,98,85711,102,746,13151,66,0,86,0,0.0,7,2820,283,107492,12265
98,99,85628,102,759,13221,66,0,86,4,0.0,11,2886,287,108251,12351
99,100,85547,103,744,13315,67,0,86,2,0.0,11,2953,289,108995,12437
100,101,85466,101,722,13420,67,0,83,1,0.0,10,3020,290,109717,12520
101,102,85395,93,715,13506,67,0,74,0,0.0,8,3087,290,110432,12594
102,103,85301,113,711,13584,67,0,95,0,0.0,7,3154,290,111143,12689
103,104,85223,97,695,13694,67,0,80,2,0.0,8,3221,292,111838,12769
104,105,85131,108,719,13751,67,0,93,0,0.0,8,3288,292,112557,12862
105,106,85058,89,735,13827,67,0,74,3,0.0,11,3355,295,113292,12936
106,107,84985,91,717,13916,67,0,75,0,0.0,11,3422,295,114009,13011
107,108,84913,90,706,14000,67,0,73,0,0.0,9,3489,295,114715,13084
108,109,84834,96,691,14088,67,0,80,2,0.0,9,3556,297,115406,13164
109,110,84743,105,694,14167,67,0,93,1,0.0,10,3623,298,116100,13257
110,111,84649,106,717,14236,68,0,94,2,0.0,10,3691,300,116817,13351
111,112,84564,95,721,14328,68,0,86,0,0.0,10,3759,300,117538,13437
112,113,84479,97,712,14419,69,0,88,2,0.0,9,3828,302,118250,13525
113,114,84399,93,709,14506,69,0,83,1,0.0,10,3897,303,118959,13608
114,115,84332,83,709,14583,69,0,70,1,0.0,10,3966,304,119668,13678
115,116,84262,84,695,14665,70,0,71,1,0.0,9,4036,305,120363,13749
116,117,84188,91,692,14735,70,0,77,0,0.0,9,4106,305,121055,13826
117,118,84125,81,702,14798,70,0,65,3,0.0,12,4176,308,121757,13891
118,119,84048,96,688,14874,70,0,79,3,0.0,15,4246,311,122445,13970
119,120,83982,86,685,14953,70,0,68,2,0.0,15,4316,313,123130,14038
120,121,83902,96,665,15043,70,0,80,1,0.0,16,4386,314,123795,14118
121,122,83826,90,664,15126,70,0,77,3,0.0,18,4456,317,124459,14195
122,123,83755,84,654,15213,70,0,72,0,0.0,17,4526,317,125113,14267
123,124,83678,91,643,15294,70,0,79,4,0.0,18,4596,321,125756,14346
124,125,83606,86,659,15355,70,0,74,1,0.0,19,4666,322,126415,14420
125,126,83539,81,649,15436,71,0,68,4,0.0,18,4737,326,127064,14488
126,127,83450,104,636,15513,73,0,90,1,0.0,16,4810,327,127700,14578
127,128,83368,95,662,15577,74,0,84,1,0.0,16,4884,328,128362,14662
128,129,83288,91,665,15658,74,0,80,0,0.0,13,4958,328,129027,14742
129,130,83231,66,675,15730,74,0,57,0,0.0,13,5032,328,129702,14799
130,131,83154,86,654,15806,76,0,78,0,0.0,10,5108,328,130356,14877
131,132,83077,87,652,15884,76,0,80,1,0.0,10,5184,329,131008,14957
132,133,83012,74,661,15953,76,0,68,0,0.0,7,5260,329,131669,15025
133,134,82932,92,651,16025,76,0,83,4,0.0,10,5336,333,132320,15108
134,135,82855,90,662,16093,76,0,78,2,0.0,10,5412,335,132982,15186
135,136,82775,96,660,16169,76,0,83,0,0.0,8,5488,335,133642,15269
136,137,82711,81,659,16249,76,0,66,3,0.0,11,5564,338,134301,15335
137,138,82635,93,649,16322,77,0,77,1,0.0,10,5641,339,134950,15412
138,139,82564,89,661,16385,77,0,75,2,0.0,12,5718,341,135611,15487
139,140,82502,80,664,16453,77,0,64,0,0.0,11,5795,341,136275,15551
140,141,82418,102,646,16531,79,0,87,3,0.0,12,5874,344,136921,15638
141,142,82358,79,648,16612,79,0,62,3,0.0,15,5953,347,137569,15700
142,143,82277,100,623,16697,79,0,81,0,0.0,14,6032,347,138192,15781
143,144,82203,87,642,16765,79,0,75,2,0.0,14,6111,349,138834,15856
144,145,82129,83,637,16847,80,0,74,0,0.0,11,6191,349,139471,15930
145,146,82059,79,628,16929,81,0,70,2,0.0,11,6272,351,140099,16000
146,147,81979,93,633,16990,81,0,86,1,0.0,11,6353,352,140732,16086
147,148,81910,83,635,17067,81,0,71,1,0.0,12,6434,353,141367,16157
148,149,81849,75,641,17130,81,0,62,2,0.0,12,6515,355,142008,16219
149,150,81780,86,637,17192,81,0,74,3,0.0,13,6596,358,142645,16293
150,151,81710,89,644,17252,81,0,73,1,0.0,13,6677,359,143289,16366
151,152,81641,89,639,17325,82,0,70,2,0.0,12,6759,361,143928,16436
152,153,81568,92,640,17394,82,0,74,1,0.0,13,6841,362,144568,16510
153,154,81505,85,632,17472,82,0,69,1,0.0,11,6923,363,145200,16579
154,155,81440,90,624,17539,83,0,68,4,0.0,13,7006,367,145824,16647
155,156,81378,89,613,17613,83,0,66,2,0.0,14,7089,369,146437,16713
156,157,81304,99,589,17701,83,0,77,2,0.0,14,7172,371,147026,16790
157,158,81238,92,592,17770,84,0,68,3,0.0,16,7256,374,147618,16858
158,159,81195,70,592,17835,84,0,44,3,0.0,17,7340,377,148210,16902
159,160,81140,82,572,17898,84,0,57,0,0.0,16,7424,377,148782,16959
160,161,81072,93,558,17969,84,0,69,2,0.0,13,7508,379,149340,17028
161,162,81009,83,560,18040,84,0,64,2,0.0,14,7592,381,149900,17092
162,163,80948,83,538,18123,84,0,64,3,0.0,13,7676,384,150438,17156
163,164,80897,72,552,18171,84,0,53,1,0.0,13,7760,385,150990,17209
164,165,80830,86,536,18240,84,0,70,1,0.0,13,7844,386,151526,17279
165,166,80764,81,548,18299,84,0,66,5,0.0,18,7928,391,152074,17345
166,167,80702,78,547,18365,84,0,65,1,0.0,18,8012,392,152621,17410
167,168,80660,57,543,18432,84,0,43,0,0.0,15,8096,392,153164,17453
168,169,80610,67,521,18493,85,0,52,2,0.0,16,8181,394,153685,17505
169,170,80541,88,513,18547,87,0,73,3,0.0,13,8268,397,154198,17578
170,171,80489,68,522,18609,88,0,52,1,0.0,12,8356,398,154720,17630
171,172,80425,82,507,18674,88,0,66,1,0.0,13,8444,399,155227,17696
172,173,80374,71,505,18738,88,0,55,1,0.0,13,8532,400,155732,17751
173,174,80312,78,498,18799,89,0,62,1,0.0,11,8621,401,156230,17813
174,175,80260,68,508,18850,90,0,53,1,0.0,10,8711,402,156738,17866
175,176,80207,69,506,18904,90,0,55,1,0.0,10,8801,403,157244,17921
176,177,80157,63,505,18961,90,0,51,2,0.0,11,8891,405,157749,17972
177,178,80115,54,488,19029,90,0,42,0,0.0,10,8981,405,158237,18014
178,179,80073,56,491,19066,90,0,45,2,0.0,12,9071,407,158728,18059
179,180,80029,56,477,19124,90,0,46,1,0.0,10,9161,408,159205,18105
180,181,79983,56,456,19191,90,0,47,1,0.0,11,9251,409,159661,18152
181,182,79941,53,448,19244,90,0,43,2,0.0,12,9341,411,160109,18195
182,183,79894,58,432,19301,91,0,49,0,0.0,7,9432,411,160541,18244
183,184,79843,64,412,19365,92,0,53,0,0.0,6,9524,411,160953,18297
184,185,79801,55,409,19419,92,0,43,2,0.0,8,9616,413,161362,18340
185,186,79752,59,402,19471,92,0,49,1,0.0,9,9708,414,161764,18389
186,187,79713,50,393,19527,93,0,40,1,0.0,8,9801,415,162157,18429
187,188,79675,52,389,19567,93,0,42,2,0.0,8,9894,417,162546,18471
188,189,79637,50,389,19607,93,0,39,0,0.0,7,9987,417,162935,18510
189,190,79597,52,382,19652,93,0,40,1,0.0,7,10080,418,163317,18550
190,191,79562,48,375,19698,93,0,37,1,0.0,8,10173,419,163692,18587
191,192,79525,48,361,19748,94,0,38,3,0.0,9,10267,422,164053,18625
192,193,79499,36,363,19784,94,0,26,0,0.0,8,10361,422,164416,18651
193,194,79463,42,339,19838,94,0,36,0,0.0,8,10455,422,164755,18687
194,195,79432,38,324,19886,96,0,33,2,0.0,7,10551,424,165079,18720
195,196,79396,44,316,19924,96,0,37,0,0.0,7,10647,424,165395,18757
196,197,79367,41,305,19967,96,0,34,2,0.0,9,10743,426,165700,18791
197,198,79332,46,306,19996,96,0,35,0,0.0,9,10839,426,166006,18826
198,199,79307,38,296,20039,96,0,28,0,0.0,9,10935,426,166302,18854
199,200,79266,54,290,20069,97,0,42,0,0.0,7,11032,426,166592,18896
200,201,79242,37,292,20108,97,0,26,0,0.0,7,11129,426,166884,18922
201,202,79212,44,276,20147,97,0,31,1,0.0,5,11226,427,167160,18953
202,203,79183,41,265,20190,97,0,29,1,0.0,4,11323,428,167425,18982
203,204,79156,39,265,20219,97,0,28,1,0.0,4,11420,429,167690,19010
204,205,79136,32,263,20248,97,0,21,2,0.0,5,11517,431,167953,19031
205,206,79112,36,246,20285,97,0,24,1,0.0,6,11614,432,168199,19055
206,207,79093,29,252,20305,97,0,20,0,0.0,6,11711,432,168451,19075
207,208,79074,28,229,20348,97,0,21,0,0.0,5,11808,432,168680,19096
208,209,79057,26,218,20378,97,0,17,0,0.0,4,11905,432,168898,19113
209,210,79042,24,213,20400,97,0,16,1,0.0,5,12002,433,169111,19129
210,211,79027,22,197,20433,97,0,15,1,0.0,6,12099,434,169308,19144
211,212,79004,29,182,20464,97,0,24,0,0.0,5,12196,434,169490,19168
212,213,78978,32,171,20498,97,0,26,0,0.0,5,12293,434,169661,19194
213,214,78961,23,175,20520,97,0,17,2,0.0,6,12390,436,169836,19211
214,215,78942,24,178,20534,98,0,20,0,0.0,4,12488,436,170014,19231
215,216,78917,29,180,20552,98,0,25,0,0.0,4,12586,436,170194,19256
216,217,78898,22,182,20576,98,0,19,2,0.0,6,12684,438,170376,19275
217,218,78876,26,176,20600,98,0,24,0,0.0,5,12782,438,170552,19299
218,219,78851,29,178,20620,98,0,25,1,0.0,6,12880,439,170730,19324
219,220,78829,28,184,20636,99,0,24,0,0.0,5,12979,439,170914,19348
220,221,78796,39,188,20654,99,0,34,0,0.0,5,13078,439,171102,19382
221,222,78779,24,204,20670,99,0,18,0,0.0,4,13177,439,171306,19400
222,223,78760,26,200,20691,99,0,19,1,0.0,5,13276,440,171506,19419
223,224,78731,37,199,20710,99,0,30,0,0.0,4,13375,440,171705,19449
224,225,78709,29,200,20738,100,0,23,0,0.0,3,13475,440,171905,19472
225,226,78685,30,202,20759,100,0,24,1,0.0,4,13575,441,172107,19496
226,227,78669,24,209,20774,100,0,19,0,0.0,4,13675,441,172316,19515
227,228,78656,22,202,20795,101,0,15,0,0.0,2,13776,441,172518,19530
228,229,78641,22,190,20822,101,0,15,0,0.0,1,13877,441,172708,19545
229,230,78624,24,182,20845,101,0,19,1,0.0,2,13978,442,172890,19564
230,231,78609,22,177,20867,101,0,15,0,0.0,2,14079,442,173067,19579
231,232,78590,26,172,20887,101,0,19,0,0.0,1,14180,442,173239,19598
232,233,78576,21,163,20915,101,0,15,0,0.0,1,14281,442,173402,19613
233,234,78557,27,152,20939,101,0,20,0,0.0,1,14382,442,173554,19633
234,235,78541,24,152,20958,101,0,17,0,0.0,1,14483,442,173706,19650
235,236,78523,27,145,20980,101,0,19,0,0.0,1,14584,442,173851,19669
236,237,78500,33,149,20993,101,0,24,0,0.0,1,14685,442,174000,19693
237,238,78483,26,159,21007,101,0,19,0,0.0,1,14786,442,174159,19712
238,239,78470,22,154,21029,101,0,13,2,0.0,3,14887,444,174313,19725
239,240,78449,30,147,21049,101,0,21,1,0.0,3,14988,445,174460,19746
240,241,78426,31,160,21058,101,0,24,1,0.0,4,15089,446,174620,19770
241,242,78401,33,166,21075,101,0,25,0,0.0,4,15190,446,174786,19795
242,243,78382,26,179,21088,101,0,20,1,0.0,4,15291,447,174965,19815
243,244,78361,26,176,21112,101,0,21,0,0.0,4,15392,447,175141,19836
244,245,78346,20,174,21135,101,0,16,0,0.0,4,15493,447,175315,19852
245,246,78329,21,176,21149,101,0,17,0,0.0,4,15594,447,175491,19869
246,247,78307,27,168,21173,101,0,23,0,0.0,3,15695,447,175659,19892
247,248,78290,23,167,21195,101,0,18,0,0.0,2,15796,447,175826,19910
248,249,78277,20,164,21214,101,0,15,0,0.0,1,15897,447,175990,19925
249,250,78264,21,158,21232,101,0,14,0,0.0,1,15998,447,176148,19939
250,251,78245,26,147,21257,101,0,19,0,0.0,1,16099,447,176295,19958
251,252,78227,26,149,21273,101,0,19,1,0.0,2,16200,448,176444,19977
252,253,78218,18,148,21291,101,0,10,0,0.0,2,16301,448,176592,19987
253,254,78206,22,143,21304,101,0,13,0,0.0,1,16402,448,176735,20000
254,255,78194,19,136,21326,101,0,12,0,0.0,1,16503,448,176871,20012
255,256,78175,25,130,21345,101,0,19,0,0.0,1,16604,448,177001,20031
256,257,78165,16,130,21364,101,0,10,0,0.0,1,16705,448,177131,20041
257,258,78155,15,128,21377,101,0,10,0,0.0,1,16806,448,177259,20051
258,259,78142,18,125,21390,101,0,15,0,0.0,1,16907,448,177384,20066
259,260,78131,15,120,21409,101,0,11,1,0.0,2,17008,449,177504,20077
260,261,78119,16,110,21429,102,0,12,0,0.0,1,17110,449,177614,20089
261,262,78112,10,108,21444,102,0,7,0,0.0,1,17212,449,177722,20096
262,263,78100,15,99,21460,102,0,12,0,0.0,1,17314,449,177821,20108
263,264,78092,12,100,21470,102,0,9,1,0.0,2,17416,450,177921,20117
264,265,78084,12,98,21480,102,0,8,0,0.0,2,17518,450,178019,20125
265,266,78074,16,93,21491,102,0,12,0,0.0,2,17620,450,178112,20137
266,267,78068,11,95,21500,102,0,6,0,0.0,2,17722,450,178207,20143
267,268,78062,11,87,21514,102,0,6,1,0.0,2,17824,451,178294,20149
268,269,78059,7,80,21528,102,0,3,0,0.0,2,17926,451,178374,20152
269,270,78053,11,73,21537,102,0,7,0,0.0,1,18028,451,178447,20159
270,271,78048,7,67,21552,102,0,5,1,0.0,2,18130,452,178514,20164
271,272,78043,8,64,21559,102,0,6,0,0.0,2,18232,452,178578,20170
272,273,78031,15,57,21571,102,0,12,0,0.0,2,18334,452,178635,20182
273,274,78030,4,64,21576,102,0,1,1,0.0,3,18436,453,178699,20183
274,275,78025,9,59,21581,102,0,6,0,0.0,3,18538,453,178758,20189
275,276,78023,6,55,21589,103,0,2,1,0.0,3,18641,454,178813,20191
276,277,78023,2,50,21598,103,0,0,0,0.0,3,18744,454,178863,20191
277,278,78022,1,40,21610,103,0,1,0,0.0,3,18847,454,178903,20192
278,279,78016,6,32,21619,103,0,6,0,0.0,2,18950,454,178935,20198
279,280,78010,6,30,21627,103,0,6,0,0.0,2,19053,454,178965,20204
280,281,78002,8,33,21629,104,0,8,0,0.0,1,19157,454,178998,20212
281,282,77999,4,36,21633,104,0,4,0,0.0,1,19261,454,179034,20216
282,283,77996,4,35,21637,104,0,3,0,0.0,1,19365,454,179069,20219
283,284,77994,3,35,21640,104,0,2,0,0.0,1,19469,454,179104,20221
284,285,77993,2,32,21645,104,0,1,0,0.0,1,19573,454,179136,20222
285,286,77991,2,31,21648,104,0,2,1,0.0,2,19677,455,179167,20224
286,287,77989,3,30,21650,104,0,3,0,0.0,2,19781,455,179197,20227
287,288,77985,5,29,21653,104,0,4,0,0.0,2,19885,455,179226,20231
288,289,77984,2,25,21661,104,0,1,0,0.0,2,19989,455,179251,20232
289,290,77983,3,24,21662,104,0,2,0,0.0,1,20093,455,179275,20234
290,291,77982,3,21,21666,104,0,1,0,0.0,0,20197,455,179296,20235
291,292,77979,5,15,21673,104,0,3,0,0.0,0,20301,455,179311,20238
292,293,77979,2,14,21677,104,0,0,0,0.0,0,20405,455,179325,20238
293,294,77978,3,13,21678,104,0,1,0,0.0,0,20509,455,179338,20239
294,295,77978,2,10,21682,104,0,0,0,0.0,0,20613,455,179348,20239
295,296,77975,5,10,21682,104,0,3,0,0.0,0,20717,455,179358,20242
296,297,77974,2,13,21683,104,0,1,0,0.0,0,20821,455,179371,20243
297,298,77973,1,14,21684,104,0,1,0,0.0,0,20925,455,179385,20244
298,299,77970,4,13,21685,104,0,4,0,0.0,0,21029,455,179398,20248
299,300,77969,2,14,21687,104,0,1,0,0.0,0,21133,455,179412,20249
300,301,77968,2,12,21690,104,0,1,0,0.0,0,21237,455,179424,20250
301,302,77966,3,13,21690,104,0,2,0,0.0,0,21341,455,179437,20252
302,303,77965,3,15,21689,104,0,2,0,0.0,0,21445,455,179452,20254
303,304,77962,5,13,21692,104,0,3,0,0.0,0,21549,455,179465,20257
304,305,77962,1,15,21694,104,0,0,0,0.0,0,21653,455,179480,20257
305,306,77961,2,12,21697,104,0,1,0,0.0,0,21757,455,179492,20258
306,307,77961,1,10,21700,104,0,0,0,0.0,0,21861,455,179502,20258
307,308,77960,2,10,21700,104,0,1,0,0.0,0,21965,455,179512,20259
308,309,77958,3,9,21702,104,0,2,0,0.0,0,22069,455,179521,20261
309,310,77958,1,11,21702,104,0,0,0,0.0,0,22173,455,179532,20261
310,311,77956,2,11,21703,104,0,2,0,0.0,0,22277,455,179543,20263
311,312,77953,3,10,21706,104,0,3,0,0.0,0,22381,455,179553,20266
312,313,77953,0,12,21707,104,0,0,0,0.0,0,22485,455,179565,20266
313,314,77952,1,11,21708,104,0,1,0,0.0,0,22589,455,179576,20267
314,315,77951,2,11,21708,104,0,2,0,0.0,0,22693,455,179587,20269
315,316,77950,2,11,21709,104,0,1,0,0.0,0,22797,455,179598,20270
316,317,77948,3,10,21711,104,0,2,0,0.0,0,22901,455,179608,20272
317,318,77947,2,11,21712,104,0,1,0,0.0,0,23005,455,179619,20273
318,319,77946,2,12,21712,104,0,1,0,0.0,0,23109,455,179631,20274
319,320,77945,2,12,21713,104,0,1,0,0.0,0,23213,455,179643,20275
320,321,77944,2,12,21714,104,0,1,0,0.0,0,23317,455,179655,20276
321,322,77942,3,10,21717,104,0,3,0,0.0,0,23421,455,179665,20279
322,323,77942,1,9,21720,104,0,0,0,0.0,0,23525,455,179674,20279
323,324,77941,2,8,21721,104,0,1,0,0.0,0,23629,455,179682,20280
324,325,77940,2,9,21721,104,0,1,0,0.0,0,23733,455,179691,20281
325,326,77938,3,8,21723,104,0,2,0,0.0,0,23837,455,179699,20283
326,327,77937,2,8,21725,104,0,1,0,0.0,0,23941,455,179707,20284
327,328,77937,2,8,21725,104,0,1,0,0.0,0,24045,455,179715,20285
328,329,77937,2,8,21725,104,0,0,0,0.0,0,24149,455,179723,20285
329,330,77936,3,7,21726,104,0,1,0,0.0,0,24253,455,179730,20286
330,331,77934,3,8,21727,104,0,2,0,0.0,0,24357,455,179738,20288
331,332,77933,2,9,21728,104,0,1,0,0.0,0,24461,455,179747,20289
332,333,77933,1,8,21730,104,0,0,0,0.0,0,24565,455,179755,20289
333,334,77933,1,8,21730,104,0,0,0,0.0,0,24669,455,179763,20289
334,335,77933,1,5,21733,104,0,0,0,0.0,0,24773,455,179768,20289
335,336,77932,1,5,21734,104,0,1,0,0.0,0,24877,455,179773,20290
336,337,77931,1,6,21734,104,0,1,0,0.0,0,24981,455,179779,20291
337,338,77931,0,5,21736,104,0,0,0,0.0,0,25085,455,179784,20291
338,339,77931,0,5,21736,104,0,0,0,0.0,0,25189,455,179789,20291
339,340,77931,0,3,21738,104,0,0,0,0.0,0,25293,455,179792,20291
340,341,77931,0,3,21738,104,0,0,0,0.0,0,25397,455,179795,20291
341,342,77931,0,3,21738,104,0,0,0,0.0,0,25501,455,179798,20291
342,343,77931,0,3,21738,104,0,0,0,0.0,0,25605,455,179801,20291
343,344,77931,0,3,21738,104,0,0,0,0.0,0,25709,455,179804,20291
344,345,77931,0,2,21739,104,0,0,0,0.0,0,25813,455,179806,20291
345,346,77931,0,1,21740,104,0,0,0,0.0,0,25917,455,179807,20291
346,347,77931,0,0,21741,104,0,0,0,0.0,0,26021,455,179807,20291
347,348,77931,0,0,21741,104,0,0,0,0.0,0,26125,455,179807,20291
348,349,77931,0,0,21741,104,0,0,0,0.0,0,26229,455,179807,20291
349,350,77931,0,0,21741,104,0,0,0,0.0,0,26333,455,179807,20291
350,351,77931,0,0,21741,104,0,0,0,0.0,0,26437,455,179807,20291
351,352,77931,0,0,21741,104,0,0,0,0.0,0,26541,455,179807,20291
352,353,77931,0,0,21741,104,0,0,0,0.0,0,26645,455,179807,20291
353,354,77931,0,0,21741,104,0,0,0,0.0,0,26749,455,179807,20291
354,355,77931,0,0,21741,104,0,0,0,0.0,0,26853,455,179807,20291
355,356,77931,0,0,21741,104,0,0,0,0.0,0,26957,455,179807,20291
356,357,77931,0,0,21741,104,0,0,0,0.0,0,27061,455,179807,20291
357,358,77931,0,0,21741,104,0,0,0,0.0,0,27165,455,179807,20291
358,359,77931,0,0,21741,104,0,0,0,0.0,0,27269,455,179807,20291
359,360,77931,0,0,21741,104,0,0,0,0.0,0,27373,455,179807,20291
360,361,77931,0,0,21741,104,0,0,0,0.0,0,27477,455,179807,20291
361,362,77931,0,0,21741,104,0,0,0,0.0,0,27581,455,179807,20291
362,363,77931,0,0,21741,104,0,0,0,0.0,0,27685,455,179807,20291
363,364,77931,0,0,21741,104,0,0,0,0.0,0,27789,455,179807,20291
364,365,77931,0,0,21741,104,0,0,0,0.0,0,27893,455,179807,20291
